      0.0023351      0.3982604      0.0500000
      0.0040641      0.3884696      0.0500000
      0.0054576      0.3966582      0.0500000
      0.0057072      0.4711080      0.0500000
      0.0062607      0.3609316      0.0500000
      0.0072655      0.4798242      0.0500000
      0.0079781      0.4012083      0.0500000
      0.0088762      0.3794419      0.0500000
      0.0100400      0.3642724      0.0500000
      0.0103786      0.4015852      0.0500000
      0.0129385      0.3516073      0.0500000
      0.0133610      0.3613993      0.0500000
      0.0140825      0.2911385      0.0500000
      0.0146632      0.4167529      0.0500000
      0.0178423      0.4496816      0.0500000
      0.0184721      0.4437243      0.0500000
      0.0192106      0.3610318      0.0500000
      0.0196099      0.4394211      0.0500000
      0.0210739      0.4082951      0.0500000
      0.0241335      0.4357896      0.0500000
      0.0243666      0.4550665      0.0500000
      0.0255471      0.3957779      0.0500000
      0.0262221      0.4778042      0.0500000
      0.0292237      0.3416872      0.0500000
      0.0299387      0.4471326      0.0500000
      0.0313748      0.3983366      0.0500000
      0.0323808      0.3667808      0.0500000
      0.0393052      0.3777729      0.0500000
      0.0404575      0.3790287      0.0500000
      0.0406428      0.4403909      0.0500000
      0.0406831      0.4085340      0.0500000
      0.0416556      0.4383807      0.0500000
      0.0416899      0.4711640      0.0500000
      0.0421510      0.3890813      0.0500000
      0.0428921      0.4373976      0.0500000
      0.0429927      0.4700525      0.0500000
      0.0434536      0.3767258      0.0500000
      0.0442763      0.3086531      0.0500000
      0.0447875      0.4197350      0.0500000
      0.0466731      0.4573607      0.0500000
      0.0468536      0.3119050      0.0500000
      0.0483354      0.4459820      0.0500000
      0.0494730      0.4614802      0.0500000
      0.0503539      0.3618675      0.0500000
      0.0506500      0.4351372      0.0500000
      0.0519221      0.4077219      0.0500000
      0.0540393      0.3699704      0.0500000
      0.0542742      0.4939010      0.0500000
      0.0543326      0.4376364      0.0500000
      0.0546830      0.3949505      0.0500000
      0.0556478      0.4721040      0.0500000
      0.0557240      0.5041691      0.0500000
      0.0574998      0.3483448      0.0500000
      0.0580825      0.3930914      0.0500000
      0.0581247      0.4115249      0.0500000
      0.0587603      0.3969333      0.0500000
      0.0591906      0.4017925      0.0500000
      0.0602483      0.4519298      0.0500000
      0.0620541      0.3967333      0.0500000
      0.0625717      0.4471067      0.0500000
      0.0652150      0.4146246      0.0500000
      0.0654056      0.3271333      0.0500000
      0.0676303      0.4332548      0.0500000
      0.0678629      0.3724573      0.0500000
      0.0687803      0.4012678      0.0500000
      0.0690329      0.3416078      0.0500000
      0.0692217      0.4054761      0.0500000
      0.0699963      0.5335933      0.0500000
      0.0700760      0.3847324      0.0500000
      0.0704192      0.3072118      0.0500000
      0.0734447      0.3364408      0.0500000
      0.0747689      0.4067899      0.0500000
      0.0751827      0.3950997      0.0500000
      0.0755774      0.4019845      0.0500000
      0.0764068      0.4072307      0.0500000
      0.0767120      0.3092790      0.0500000
      0.0770230      0.4032741      0.0500000
      0.0800609      0.4753990      0.0500000
      0.0806229      0.3686374      0.0500000
      0.0808774      0.4295057      0.0500000
      0.0820082      0.4653038      0.0500000
      0.0821484      0.4590088      0.0500000
      0.0822899      0.3949784      0.0500000
      0.0824583      0.4852624      0.0500000
      0.0828538      0.3484368      0.0500000
      0.0836541      0.3598926      0.0500000
      0.0844515      0.4370337      0.0500000
      0.0856493      0.4731449      0.0500000
      0.0858207      0.3515471      0.0500000
      0.0872592      0.3034086      0.0500000
      0.0901372      0.3469924      0.0500000
      0.0902633      0.4746652      0.0500000
      0.0908726      0.5750996      0.0500000
      0.0932666      0.4596927      0.0500000
      0.0934996      0.4143783      0.0500000
      0.0940733      0.4292699      0.0500000
      0.0974549      0.4580898      0.0500000
      0.0997600      0.4357032      0.0500000
      0.1011180      0.4216472      0.0500000
      0.1017898      0.4199317      0.0500000
      0.1025481      0.3441691      0.0500000
      0.1025570      0.3432977      0.0500000
      0.1026674      0.4502532      0.0500000
      0.1047309      0.4325939      0.0500000
      0.1054183      0.6025538      0.0500000
      0.1061638      0.4035610      0.0500000
      0.1062582      0.4485860      0.0500000
      0.1073001      0.4479020      0.0500000
      0.1087039      0.3745643      0.0500000
      0.1094762      0.4076482      0.0500000
      0.1109420      0.4120875      0.0500000
      0.1115460      0.3936881      0.0500000
      0.1117686      0.4213102      0.0500000
      0.1137993      0.3989621      0.0500000
      0.1147075      0.3501821      0.0500000
      0.1163509      0.4255654      0.0500000
      0.1163685      0.4429119      0.0500000
      0.1178003      0.4257738      0.0500000
      0.1198780      0.5161546      0.0500000
      0.1214652      0.4294257      0.0500000
      0.1219046      0.4348209      0.0500000
      0.1221269      0.4478973      0.0500000
      0.1227776      0.4478668      0.0500000
      0.1237164      0.3823683      0.0500000
      0.1247861      0.4511750      0.0500000
      0.1253100      0.4451476      0.0500000
      0.1254977      0.4776529      0.0500000
      0.1256116      0.4071453      0.0500000
      0.1272024      0.4490469      0.0500000
      0.1274265      0.4235087      0.0500000
      0.1283780      0.3767414      0.0500000
      0.1299826      0.4741020      0.0500000
      0.1306018      0.4870605      0.0500000
      0.1310791      0.4303274      0.0500000
      0.1312370      0.4020656      0.0500000
      0.1313367      0.3636861      0.0500000
      0.1320893      0.4626910      0.0500000
      0.1335512      0.4362094      0.0500000
      0.1340905      0.4444447      0.0500000
      0.1402643      0.3951795      0.0500000
      0.1419007      0.4011130      0.0500000
      0.1419671      0.4460061      0.0500000
      0.1426024      0.4214286      0.0500000
      0.1445678      0.3455820      0.0500000
      0.1453468      0.3936651      0.0500000
      0.1467957      0.3308872      0.0500000
      0.1477650      0.3859275      0.0500000
      0.1503997      0.5060527      0.0500000
      0.1511464      0.4174841      0.0500000
      0.1512263      0.4348516      0.0500000
      0.1515201      0.4790249      0.0500000
      0.1517705      0.3696169      0.0500000
      0.1534343      0.4797078      0.0500000
      0.1546080      0.3970166      0.0500000
      0.1548324      0.4690097      0.0500000
      0.1565750      0.5144138      0.0500000
      0.1565793      0.5230360      0.0500000
      0.1602375      0.3977508      0.0500000
      0.1610573      0.4692742      0.0500000
      0.1613274      0.4050498      0.0500000
      0.1622027      0.3745451      0.0500000
      0.1638280      0.4197738      0.0500000
      0.1668297      0.4551713      0.0500000
      0.1669123      0.3510941      0.0500000
      0.1679363      0.4076374      0.0500000
      0.1679699      0.4061342      0.0500000
      0.1680004      0.4394157      0.0500000
      0.1680495      0.4030260      0.0500000
      0.1696627      0.4974322      0.0500000
      0.1700527      0.4341729      0.0500000
      0.1709545      0.4495641      0.0500000
      0.1733000      0.4791976      0.0500000
      0.1733619      0.4867118      0.0500000
      0.1738327      0.4342919      0.0500000
      0.1753307      0.4666825      0.0500000
      0.1775200      0.4434737      0.0500000
      0.1776607      0.3768372      0.0500000
      0.1780283      0.4615212      0.0500000
      0.1791779      0.3919125      0.0500000
      0.1798577      0.3802202      0.0500000
      0.1820317      0.5524808      0.0500000
      0.1821889      0.4427867      0.0500000
      0.1847814      0.3963113      0.0500000
      0.1870902      0.5095630      0.0500000
      0.1884057      0.4186549      0.0500000
      0.1887354      0.4168327      0.0500000
      0.1892594      0.3292154      0.0500000
      0.1920460      0.5013318      0.0500000
      0.1926015      0.4626943      0.0500000
      0.1930513      0.4927071      0.0500000
      0.1933846      0.4576686      0.0500000
      0.1941039      0.4311138      0.0500000
      0.1947874      0.4282275      0.0500000
      0.1952441      0.3828974      0.0500000
      0.1956649      0.4024534      0.0500000
      0.1986177      0.4397367      0.0500000
      0.1998269      0.3968756      0.0500000
      0.2040761      0.4531170      0.0500000
      0.2049520      0.4234887      0.0500000
      0.2052656      0.4740961      0.0500000
      0.2052869      0.4306247      0.0500000
      0.2062339      0.4222110      0.0500000
      0.2064928      0.4122902      0.0500000
      0.2086011      0.3454551      0.0500000
      0.2088651      0.3746851      0.0500000
      0.2125800      0.3459315      0.0500000
      0.2137568      0.4714988      0.0500000
      0.2142828      0.4092124      0.0500000
      0.2143245      0.4193711      0.0500000
      0.2143480      0.4323315      0.0500000
      0.2153987      0.5504115      0.0500000
      0.2154989      0.5234807      0.0500000
      0.2160839      0.4059735      0.0500000
      0.2167417      0.3711391      0.0500000
      0.2175435      0.4583827      0.0500000
      0.2177226      0.4727519      0.0500000
      0.2182955      0.2767504      0.0500000
      0.2189486      0.4342358      0.0500000
      0.2196822      0.4596801      0.0500000
      0.2215018      0.4445172      0.0500000
      0.2221821      0.3702136      0.0500000
      0.2233454      0.4244383      0.0500000
      0.2236558      0.4579765      0.0500000
      0.2243138      0.3249036      0.0500000
      0.2255307      0.4486656      0.0500000
      0.2260867      0.3771839      0.0500000
      0.2262737      0.4927222      0.0500000
      0.2269527      0.4596963      0.0500000
      0.2271803      0.3360557      0.0500000
      0.2285550      0.4601836      0.0500000
      0.2287468      0.5121418      0.0500000
      0.2298311      0.4116258      0.0500000
      0.2318996      0.3928190      0.0500000
      0.2320710      0.4522668      0.0500000
      0.2327501      0.3218467      0.0500000
      0.2328941      0.3465521      0.0500000
      0.2344434      0.4081781      0.0500000
      0.2367184      0.4210187      0.0500000
      0.2392332      0.4028912      0.0500000
      0.2392348      0.4897112      0.0500000
      0.2399027      0.4853628      0.0500000
      0.2400576      0.4269652      0.0500000
      0.2405986      0.5275772      0.0500000
      0.2407076      0.4030752      0.0500000
      0.2430889      0.4247491      0.0500000
      0.2456257      0.3868650      0.0500000
      0.2463346      0.4281375      0.0500000
      0.2464009      0.4069364      0.0500000
      0.2469616      0.3818248      0.0500000
      0.2469762      0.3679293      0.0500000
      0.2470842      0.4673952      0.0500000
      0.2480508      0.4497167      0.0500000
      0.2481270      0.4712663      0.0500000
      0.2495851      0.4735955      0.0500000
      0.2498560      0.4336092      0.0500000
      0.2499243      0.4935624      0.0500000
      0.2506204      0.4497051      0.0500000
      0.2506666      0.4271583      0.0500000
      0.2514343      0.4736517      0.0500000
      0.2533910      0.4291246      0.0500000
      0.2534588      0.3880939      0.0500000
      0.2538725      0.5071031      0.0500000
      0.2539763      0.4320953      0.0500000
      0.2542536      0.4485278      0.0500000
      0.2547955      0.4984991      0.0500000
      0.2558143      0.3788435      0.0500000
      0.2565081      0.3578355      0.0500000
      0.2580711      0.4392671      0.0500000
      0.2593209      0.3357139      0.0500000
      0.2628123      0.3236862      0.0500000
      0.2630958      0.4220676      0.0500000
      0.2634991      0.4253786      0.0500000
      0.2644689      0.3944384      0.0500000
      0.2656293      0.5090125      0.0500000
      0.2669159      0.4653133      0.0500000
      0.2676144      0.4762244      0.0500000
      0.2677055      0.4401664      0.0500000
      0.2678355      0.4314716      0.0500000
      0.2687011      0.4835692      0.0500000
      0.2687996      0.4118350      0.0500000
      0.2690745      0.3675506      0.0500000
      0.2698638      0.4415138      0.0500000
      0.2698843      0.3868460      0.0500000
      0.2707328      0.4672054      0.0500000
      0.2717744      0.4326710      0.0500000
      0.2725473      0.3884737      0.0500000
      0.2726125      0.4385614      0.0500000
      0.2731696      0.4441474      0.0500000
      0.2741061      0.4869438      0.0500000
      0.2743222      0.5030267      0.0500000
      0.2787555      0.4580710      0.0500000
      0.2788315      0.3920261      0.0500000
      0.2788527      0.4082288      0.0500000
      0.2799113      0.3035178      0.0500000
      0.2813922      0.4625722      0.0500000
      0.2844277      0.4400889      0.0500000
      0.2899213      0.3888476      0.0500000
      0.2919520      0.3585983      0.0500000
      0.2933174      0.4884426      0.0500000
      0.2946469      0.3939955      0.0500000
      0.2951663      0.4543805      0.0500000
      0.2953256      0.4160216      0.0500000
      0.2983901      0.4431330      0.0500000
      0.2984390      0.4491431      0.0500000
      0.2989539      0.4819151      0.0500000
      0.3011149      0.3856879      0.0500000
      0.3017080      0.4681995      0.0500000
      0.3022415      0.4094352      0.0500000
      0.3036754      0.3215845      0.0500000
      0.3045238      0.4066696      0.0500000
      0.3048027      0.5296992      0.0500000
      0.3051777      0.3767897      0.0500000
      0.3061458      0.3895554      0.0500000
      0.3062120      0.4108920      0.0500000
      0.3066254      0.3807772      0.0500000
      0.3072622      0.4241359      0.0500000
      0.3081713      0.4005417      0.0500000
      0.3086546      0.4217026      0.0500000
      0.3116811      0.4191011      0.0500000
      0.3118417      0.3434332      0.0500000
      0.3135761      0.4991731      0.0500000
      0.3153162      0.4132249      0.0500000
      0.3159433      0.4454694      0.0500000
      0.3175170      0.3915188      0.0500000
      0.3178877      0.4770775      0.0500000
      0.3180120      0.4425522      0.0500000
      0.3180154      0.5080835      0.0500000
      0.3180207      0.4023534      0.0500000
      0.3193851      0.5286874      0.0500000
      0.3203042      0.3992825      0.0500000
      0.3221678      0.3616856      0.0500000
      0.3222130      0.4487501      0.0500000
      0.3237002      0.4487258      0.0500000
      0.3244173      0.4517345      0.0500000
      0.3245958      0.5040022      0.0500000
      0.3246446      0.4422580      0.0500000
      0.3259123      0.3269455      0.0500000
      0.3269972      0.3711147      0.0500000
      0.3293842      0.4267127      0.0500000
      0.3306721      0.4885816      0.0500000
      0.3330947      0.4356414      0.0500000
      0.3340715      0.4054642      0.0500000
      0.3344629      0.5184494      0.0500000
      0.3352892      0.3241014      0.0500000
      0.3353472      0.4047657      0.0500000
      0.3361706      0.3768502      0.0500000
      0.3391005      0.4087565      0.0500000
      0.3401671      0.3253228      0.0500000
      0.3406739      0.3514556      0.0500000
      0.3431586      0.3884943      0.0500000
      0.3441586      0.4303347      0.0500000
      0.3463362      0.3384197      0.0500000
      0.3472439      0.3164719      0.0500000
      0.3476102      0.4234463      0.0500000
      0.3479181      0.4798685      0.0500000
      0.3484216      0.3549348      0.0500000
      0.3504820      0.4478393      0.0500000
      0.3518322      0.4167129      0.0500000
      0.3534050      0.4994388      0.0500000
      0.3572470      0.4481830      0.0500000
      0.3578297      0.3227167      0.0500000
      0.3578407      0.4572078      0.0500000
      0.3581370      0.4101112      0.0500000
      0.3585512      0.3816207      0.0500000
      0.3656481      0.4416212      0.0500000
      0.3656783      0.4242943      0.0500000
      0.3666949      0.3968828      0.0500000
      0.3669339      0.4650018      0.0500000
      0.3676887      0.4263114      0.0500000
      0.3677786      0.3811944      0.0500000
      0.3699684      0.5006824      0.0500000
      0.3707007      0.4223281      0.0500000
      0.3732081      0.5714073      0.0500000
      0.3745538      0.4152532      0.0500000
      0.3757956      0.3638907      0.0500000
      0.3759587      0.3189919      0.0500000
      0.3762884      0.4726207      0.0500000
      0.3782732      0.5108930      0.0500000
      0.3798526      0.3749155      0.0500000
      0.3810684      0.4018243      0.0500000
      0.3811389      0.3484455      0.0500000
      0.3813862      0.3765160      0.0500000
      0.3832964      0.4707192      0.0500000
      0.3848678      0.4141957      0.0500000
      0.3869886      0.3677012      0.0500000
      0.3884904      0.4193465      0.0500000
      0.3891872      0.4229217      0.0500000
      0.3909705      0.4122183      0.0500000
      0.3919746      0.4474210      0.0500000
      0.3926471      0.3531402      0.0500000
      0.3929899      0.3214174      0.0500000
      0.3943218      0.3485480      0.0500000
      0.3948045      0.3436678      0.0500000
      0.3953176      0.4754596      0.0500000
      0.3961295      0.4481559      0.0500000
      0.3987457      0.3898297      0.0500000
      0.3996189      0.4573580      0.0500000
      0.4013846      0.4292333      0.0500000
      0.4052728      0.3456115      0.0500000
      0.4060761      0.4064796      0.0500000
      0.4068623      0.4063833      0.0500000
      0.4070090      0.4233969      0.0500000
      0.4076089      0.4525891      0.0500000
      0.4083311      0.4086672      0.0500000
      0.4090986      0.3466648      0.0500000
      0.4152445      0.3836494      0.0500000
      0.4169648      0.4443821      0.0500000
      0.4173199      0.4082262      0.0500000
      0.4189035      0.4308058      0.0500000
      0.4191077      0.3692384      0.0500000
      0.4224618      0.5207739      0.0500000
      0.4236489      0.5422069      0.0500000
      0.4236660      0.3948546      0.0500000
      0.4252730      0.4639653      0.0500000
      0.4262029      0.4068802      0.0500000
      0.4278329      0.3529725      0.0500000
      0.4281968      0.4352162      0.0500000
      0.4287290      0.3509499      0.0500000
      0.4302903      0.3625719      0.0500000
      0.4326459      0.3529196      0.0500000
      0.4333226      0.3915190      0.0500000
      0.4343103      0.3837363      0.0500000
      0.4343891      0.4547056      0.0500000
      0.4350734      0.4588574      0.0500000
      0.4352035      0.4124337      0.0500000
      0.4354991      0.3324007      0.0500000
      0.4367500      0.3556390      0.0500000
      0.4373688      0.5432406      0.0500000
      0.4376380      0.3666722      0.0500000
      0.4385886      0.3670186      0.0500000
      0.4414831      0.4638792      0.0500000
      0.4417137      0.3885121      0.0500000
      0.4424554      0.3710527      0.0500000
      0.4427211      0.4784618      0.0500000
      0.4476456      0.2894715      0.0500000
      0.4478868      0.3925051      0.0500000
      0.4512408      0.3991238      0.0500000
      0.4512886      0.4055467      0.0500000
      0.4513326      0.3950900      0.0500000
      0.4517018      0.4094992      0.0500000
      0.4527427      0.3320446      0.0500000
      0.4534715      0.4511882      0.0500000
      0.4554261      0.4687204      0.0500000
      0.4560480      0.4253927      0.0500000
      0.4569618      0.3859493      0.0500000
      0.4571171      0.4109492      0.0500000
      0.4571262      0.3511651      0.0500000
      0.4577346      0.3371463      0.0500000
      0.4580334      0.3095955      0.0500000
      0.4588552      0.3502087      0.0500000
      0.4599333      0.4285023      0.0500000
      0.4601333      0.3543336      0.0500000
      0.4605125      0.3237772      0.0500000
      0.4624215      0.3509711      0.0500000
      0.4649278      0.3880088      0.0500000
      0.4651199      0.2802108      0.0500000
      0.4654389      0.4379264      0.0500000
      0.4661611      0.4556233      0.0500000
      0.4675359      0.4310899      0.0500000
      0.4676832      0.4578068      0.0500000
      0.4685507      0.4026346      0.0500000
      0.4689539      0.4273795      0.0500000
      0.4692319      0.4070285      0.0500000
      0.4698906      0.4554094      0.0500000
      0.4699002      0.4002863      0.0500000
      0.4699693      0.5067922      0.0500000
      0.4704974      0.4775863      0.0500000
      0.4716373      0.4227235      0.0500000
      0.4727800      0.3994616      0.0500000
      0.4739169      0.4206829      0.0500000
      0.4742902      0.3896713      0.0500000
      0.4746489      0.4151309      0.0500000
      0.4789902      0.3617345      0.0500000
      0.4801041      0.4071868      0.0500000
      0.4807663      0.3930063      0.0500000
      0.4811045      0.3155214      0.0500000
      0.4818972      0.3787547      0.0500000
      0.4862603      0.3403615      0.0500000
      0.4894872      0.4447890      0.0500000
      0.4896044      0.4025953      0.0500000
      0.4903798      0.3041776      0.0500000
      0.4911342      0.3910421      0.0500000
      0.4924328      0.3807633      0.0500000
      0.4925195      0.3893913      0.0500000
      0.4927891      0.4506824      0.0500000
      0.4938242      0.3369550      0.0500000
      0.4943143      0.3237802      0.0500000
      0.4950182      0.4824990      0.0500000
      0.4963219      0.3889141      0.0500000
      0.4984534      0.4366342      0.0500000
      0.4988359      0.3483796      0.0500000
      0.4997084      0.3238603      0.0500000
      0.5022237      0.2908854      0.0500000
      0.5030732      0.4006007      0.0500000
      0.5033494      0.5018844      0.0500000
      0.5043537      0.3753203      0.0500000
      0.5047759      0.4110673      0.0500000
      0.5052072      0.4161009      0.0500000
      0.5058548      0.3900014      0.0500000
      0.5064715      0.4358420      0.0500000
      0.5073145      0.3542567      0.0500000
      0.5088288      0.3745964      0.0500000
      0.5089066      0.3590172      0.0500000
      0.5091767      0.3508935      0.0500000
      0.5094337      0.3989985      0.0500000
      0.5101449      0.4350727      0.0500000
      0.5110664      0.3620310      0.0500000
      0.5112693      0.3595399      0.0500000
      0.5113364      0.3456644      0.0500000
      0.5132133      0.4083791      0.0500000
      0.5141644      0.4376177      0.0500000
      0.5184442      0.4166600      0.0500000
      0.5195758      0.3630263      0.0500000
      0.5207425      0.5216144      0.0500000
      0.5215107      0.4156555      0.0500000
      0.5235224      0.4073391      0.0500000
      0.5235285      0.5035404      0.0500000
      0.5241200      0.4503927      0.0500000
      0.5244070      0.3974799      0.0500000
      0.5256475      0.3428413      0.0500000
      0.5260437      0.3472952      0.0500000
      0.5264701      0.3725688      0.0500000
      0.5280751      0.3921689      0.0500000
      0.5296103      0.3651606      0.0500000
      0.5306585      0.3748724      0.0500000
      0.5317829      0.4255672      0.0500000
      0.5326401      0.3549828      0.0500000
      0.5327652      0.4298413      0.0500000
      0.5332229      0.4023701      0.0500000
      0.5339209      0.4037203      0.0500000
      0.5356162      0.3298413      0.0500000
      0.5371984      0.3110144      0.0500000
      0.5394574      0.3710665      0.0500000
      0.5433117      0.3806709      0.0500000
      0.5438938      0.3837193      0.0500000
      0.5444484      0.3428342      0.0500000
      0.5471678      0.3119924      0.0500000
      0.5474405      0.3858551      0.0500000
      0.5476432      0.3668040      0.0500000
      0.5506565      0.4081171      0.0500000
      0.5507587      0.3217352      0.0500000
      0.5522251      0.4385651      0.0500000
      0.5537709      0.3197738      0.0500000
      0.5540254      0.3206473      0.0500000
      0.5542896      0.2851556      0.0500000
      0.5558839      0.2903019      0.0500000
      0.5571477      0.3036770      0.0500000
      0.5574234      0.3606776      0.0500000
      0.5577777      0.3845944      0.0500000
      0.5581560      0.3927288      0.0500000
      0.5587026      0.3939310      0.0500000
      0.5588416      0.4125739      0.0500000
      0.5591483      0.2992564      0.0500000
      0.5614396      0.4002428      0.0500000
      0.5635335      0.3007734      0.0500000
      0.5639840      0.3580538      0.0500000
      0.5657546      0.4208836      0.0500000
      0.5659610      0.3685911      0.0500000
      0.5661107      0.4036469      0.0500000
      0.5691422      0.4408673      0.0500000
      0.5696912      0.2879224      0.0500000
      0.5703329      0.3999553      0.0500000
      0.5712346      0.2226394      0.0500000
      0.5713091      0.3481055      0.0500000
      0.5722291      0.3568200      0.0500000
      0.5722926      0.3137350      0.0500000
      0.5727804      0.4296456      0.0500000
      0.5732303      0.3244813      0.0500000
      0.5733184      0.3549395      0.0500000
      0.5733545      0.3574454      0.0500000
      0.5735790      0.3950087      0.0500000
      0.5767941      0.3470923      0.0500000
      0.5770118      0.1884923      0.0500000
      0.5770152      0.3116441      0.0500000
      0.5775561      0.3936158      0.0500000
      0.5783566      0.3234116      0.0500000
      0.5783973      0.3317562      0.0500000
      0.5796220      0.4170504      0.0500000
      0.5796958      0.3398454      0.0500000
      0.5801126      0.3924054      0.0500000
      0.5804043      0.4563650      0.0500000
      0.5824122      0.3143205      0.0500000
      0.5841640      0.4015029      0.0500000
      0.5841841      0.4368573      0.0500000
      0.5846191      0.3737280      0.0500000
      0.5850247      0.3916597      0.0500000
      0.5858235      0.4255854      0.0500000
      0.5862244      0.4246220      0.0500000
      0.5872028      0.3096478      0.0500000
      0.5912433      0.3705000      0.0500000
      0.5928997      0.3068553      0.0500000
      0.5929196      0.4071843      0.0500000
      0.5932093      0.3398510      0.0500000
      0.5937110      0.2818100      0.0500000
      0.5947391      0.4031948      0.0500000
      0.5951816      0.4398862      0.0500000
      0.5952582      0.3447074      0.0500000
      0.5955232      0.3433675      0.0500000
      0.5956677      0.3940826      0.0500000
      0.5959287      0.2915287      0.0500000
      0.5973290      0.3648588      0.0500000
      0.5983410      0.3284284      0.0500000
      0.5983446      0.3995281      0.0500000
      0.5988961      0.3323392      0.0500000
      0.5990299      0.3196929      0.0500000
      0.5998820      0.2681966      0.0500000
      0.6006359      0.3485356      0.0500000
      0.6006638      0.3235967      0.0500000
      0.6014360      0.3389101      0.0500000
      0.6014938      0.2932807      0.0500000
      0.6025794      0.3511487      0.0500000
      0.6027769      0.3559851      0.0500000
      0.6043472      0.3817454      0.0500000
      0.6055270      0.3856713      0.0500000
      0.6068200      0.3393135      0.0500000
      0.6073639      0.2902792      0.0500000
      0.6094073      0.3750770      0.0500000
      0.6097124      0.3181180      0.0500000
      0.6114606      0.4763726      0.0500000
      0.6115580      0.3257040      0.0500000
      0.6122151      0.3797898      0.0500000
      0.6128252      0.3229889      0.0500000
      0.6132466      0.2998737      0.0500000
      0.6142625      0.3114150      0.0500000
      0.6144972      0.3853119      0.0500000
      0.6172902      0.3662070      0.0500000
      0.6173314      0.3075124      0.0500000
      0.6181382      0.3131766      0.0500000
      0.6181501      0.3626512      0.0500000
      0.6215238      0.3793387      0.0500000
      0.6221308      0.3836347      0.0500000
      0.6241872      0.3301697      0.0500000
      0.6278381      0.3297307      0.0500000
      0.6279491      0.4022198      0.0500000
      0.6291518      0.3116043      0.0500000
      0.6294813      0.3079085      0.0500000
      0.6316124      0.3865462      0.0500000
      0.6327925      0.3545924      0.0500000
      0.6340782      0.3673012      0.0500000
      0.6347015      0.3103740      0.0500000
      0.6367559      0.3861057      0.0500000
      0.6372046      0.3565529      0.0500000
      0.6376427      0.3194247      0.0500000
      0.6377226      0.2835626      0.0500000
      0.6398723      0.3121550      0.0500000
      0.6414967      0.4240814      0.0500000
      0.6422448      0.3784799      0.0500000
      0.6430181      0.3795701      0.0500000
      0.6443831      0.3990187      0.0500000
      0.6450861      0.3541972      0.0500000
      0.6465179      0.3143025      0.0500000
      0.6477513      0.3497031      0.0500000
      0.6486127      0.2525102      0.0500000
      0.6489792      0.2656829      0.0500000
      0.6490097      0.3163701      0.0500000
      0.6503069      0.3880903      0.0500000
      0.6512669      0.3358989      0.0500000
      0.6522031      0.3166470      0.0500000
      0.6525832      0.3237415      0.0500000
      0.6536713      0.2992595      0.0500000
      0.6552069      0.3433811      0.0500000
      0.6569433      0.3423356      0.0500000
      0.6577668      0.3303983      0.0500000
      0.6581337      0.3493269      0.0500000
      0.6603204      0.2868704      0.0500000
      0.6607678      0.3047252      0.0500000
      0.6610559      0.3773117      0.0500000
      0.6620352      0.3330666      0.0500000
      0.6629194      0.2944974      0.0500000
      0.6656029      0.3044816      0.0500000
      0.6689757      0.3342316      0.0500000
      0.6724711      0.2855127      0.0500000
      0.6731200      0.3132463      0.0500000
      0.6732210      0.3119437      0.0500000
      0.6738461      0.2736838      0.0500000
      0.6751259      0.3155692      0.0500000
      0.6754490      0.2599386      0.0500000
      0.6763711      0.3181489      0.0500000
      0.6773432      0.3717972      0.0500000
      0.6778486      0.3130853      0.0500000
      0.6798025      0.3231337      0.0500000
      0.6813367      0.3428062      0.0500000
      0.6824819      0.2273510      0.0500000
      0.6827422      0.3083881      0.0500000
      0.6828436      0.2506332      0.0500000
      0.6829293      0.3781649      0.0500000
      0.6832321      0.3268542      0.0500000
      0.6850200      0.4164774      0.0500000
      0.6863419      0.3848647      0.0500000
      0.6883930      0.3554530      0.0500000
      0.6897631      0.3082087      0.0500000
      0.6913860      0.2896495      0.0500000
      0.6925234      0.3431793      0.0500000
      0.6931748      0.3528087      0.0500000
      0.6933182      0.2688236      0.0500000
      0.6942273      0.3971649      0.0500000
      0.6999821      0.3587530      0.0500000
      0.7005780      0.2572080      0.0500000
      0.7020345      0.2391143      0.0500000
      0.7022601      0.2949069      0.0500000
      0.7027425      0.3545135      0.0500000
      0.7031974      0.3778253      0.0500000
      0.7066583      0.3111310      0.0500000
      0.7073575      0.3324671      0.0500000
      0.7076694      0.3136493      0.0500000
      0.7078552      0.3268497      0.0500000
      0.7084646      0.2594929      0.0500000
      0.7088252      0.3917915      0.0500000
      0.7093579      0.4289118      0.0500000
      0.7118347      0.2353947      0.0500000
      0.7123159      0.3237836      0.0500000
      0.7135060      0.3535055      0.0500000
      0.7146865      0.2947037      0.0500000
      0.7153599      0.3687400      0.0500000
      0.7164687      0.3001334      0.0500000
      0.7170016      0.3745247      0.0500000
      0.7184942      0.3234063      0.0500000
      0.7185758      0.2659421      0.0500000
      0.7198203      0.2282124      0.0500000
      0.7200488      0.2397633      0.0500000
      0.7224858      0.3156324      0.0500000
      0.7246608      0.2314308      0.0500000
      0.7250482      0.3361498      0.0500000
      0.7255329      0.4058340      0.0500000
      0.7295897      0.2837821      0.0500000
      0.7311580      0.3110175      0.0500000
      0.7317379      0.3253149      0.0500000
      0.7320637      0.2774652      0.0500000
      0.7339320      0.2251809      0.0500000
      0.7354774      0.2822932      0.0500000
      0.7368363      0.3174686      0.0500000
      0.7383287      0.2803302      0.0500000
      0.7400153      0.2831379      0.0500000
      0.7402704      0.3879324      0.0500000
      0.7405059      0.3129445      0.0500000
      0.7406769      0.3171347      0.0500000
      0.7418823      0.4222035      0.0500000
      0.7421931      0.3526990      0.0500000
      0.7430120      0.3008786      0.0500000
      0.7431334      0.3186695      0.0500000
      0.7432624      0.2003449      0.0500000
      0.7435708      0.2630311      0.0500000
      0.7438660      0.2933135      0.0500000
      0.7445566      0.3366169      0.0500000
      0.7463951      0.2919137      0.0500000
      0.7490203      0.3197460      0.0500000
      0.7514499      0.2715302      0.0500000
      0.7521227      0.3459341      0.0500000
      0.7521231      0.2981771      0.0500000
      0.7532997      0.2786605      0.0500000
      0.7535446      0.2977244      0.0500000
      0.7541703      0.3496794      0.0500000
      0.7558089      0.2775738      0.0500000
      0.7614667      0.3041384      0.0500000
      0.7615777      0.3072728      0.0500000
      0.7616525      0.2874956      0.0500000
      0.7619103      0.3270782      0.0500000
      0.7619830      0.3277228      0.0500000
      0.7621368      0.3557661      0.0500000
      0.7633415      0.2708857      0.0500000
      0.7648489      0.2934316      0.0500000
      0.7664657      0.3756374      0.0500000
      0.7666194      0.2751102      0.0500000
      0.7668411      0.4034811      0.0500000
      0.7682588      0.2818517      0.0500000
      0.7685881      0.3731507      0.0500000
      0.7687732      0.3485202      0.0500000
      0.7696146      0.2335739      0.0500000
      0.7701559      0.3161665      0.0500000
      0.7705165      0.2571861      0.0500000
      0.7708339      0.2896423      0.0500000
      0.7709129      0.3091343      0.0500000
      0.7735034      0.2683417      0.0500000
      0.7739189      0.3204671      0.0500000
      0.7741163      0.3509928      0.0500000
      0.7753063      0.3675412      0.0500000
      0.7761278      0.3920259      0.0500000
      0.7763680      0.3227998      0.0500000
      0.7770732      0.3223369      0.0500000
      0.7774125      0.2600159      0.0500000
      0.7783026      0.2450008      0.0500000
      0.7783105      0.2666137      0.0500000
      0.7788262      0.2933637      0.0500000
      0.7791548      0.2923130      0.0500000
      0.7806604      0.1969006      0.0500000
      0.7811182      0.3019476      0.0500000
      0.7819999      0.3334362      0.0500000
      0.7836848      0.2469060      0.0500000
      0.7849528      0.2960859      0.0500000
      0.7849949      0.2537125      0.0500000
      0.7881270      0.2132415      0.0500000
      0.7898697      0.3627938      0.0500000
      0.7916272      0.3440279      0.0500000
      0.7928008      0.3410793      0.0500000
      0.7933953      0.2494613      0.0500000
      0.7945878      0.2793080      0.0500000
      0.7953092      0.2879439      0.0500000
      0.7963918      0.2973645      0.0500000
      0.7972661      0.2739007      0.0500000
      0.7973192      0.2162151      0.0500000
      0.7987732      0.2885576      0.0500000
      0.8002086      0.2962412      0.0500000
      0.8006237      0.2363541      0.0500000
      0.8010797      0.2934618      0.0500000
      0.8018581      0.2972613      0.0500000
      0.8048511      0.2988610      0.0500000
      0.8057564      0.2507559      0.0500000
      0.8060074      0.3344786      0.0500000
      0.8068790      0.3924361      0.0500000
      0.8072591      0.3917691      0.0500000
      0.8072721      0.2379690      0.0500000
      0.8078110      0.2693158      0.0500000
      0.8110411      0.2527768      0.0500000
      0.8113750      0.2061795      0.0500000
      0.8123491      0.2589231      0.0500000
      0.8141974      0.2531421      0.0500000
      0.8148426      0.2273544      0.0500000
      0.8157516      0.2404103      0.0500000
      0.8168325      0.2996044      0.0500000
      0.8184350      0.2731664      0.0500000
      0.8188000      0.2879966      0.0500000
      0.8189490      0.3088015      0.0500000
      0.8198761      0.2681171      0.0500000
      0.8205017      0.3644150      0.0500000
      0.8213763      0.3635828      0.0500000
      0.8222831      0.3235474      0.0500000
      0.8239930      0.2791772      0.0500000
      0.8242739      0.2024161      0.0500000
      0.8254541      0.2285709      0.0500000
      0.8256006      0.2542542      0.0500000
      0.8278754      0.3011623      0.0500000
      0.8294939      0.3850994      0.0500000
      0.8301982      0.3151036      0.0500000
      0.8316895      0.2096486      0.0500000
      0.8317214      0.2910813      0.0500000
      0.8318982      0.2661282      0.0500000
      0.8333606      0.1399465      0.0500000
      0.8362787      0.2913245      0.0500000
      0.8366256      0.2408886      0.0500000
      0.8366272      0.3112785      0.0500000
      0.8370829      0.2514689      0.0500000
      0.8372507      0.2759740      0.0500000
      0.8381037      0.2745179      0.0500000
      0.8385952      0.2041696      0.0500000
      0.8408529      0.1901756      0.0500000
      0.8412759      0.2110429      0.0500000
      0.8423035      0.2908288      0.0500000
      0.8425450      0.2075949      0.0500000
      0.8429361      0.1897258      0.0500000
      0.8434630      0.2929613      0.0500000
      0.8476504      0.2808521      0.0500000
      0.8484245      0.2597638      0.0500000
      0.8487187      0.2093584      0.0500000
      0.8498550      0.2339785      0.0500000
      0.8499861      0.3020674      0.0500000
      0.8504626      0.2898852      0.0500000
      0.8510003      0.2986226      0.0500000
      0.8524109      0.2348540      0.0500000
      0.8524573      0.2064343      0.0500000
      0.8536314      0.2642991      0.0500000
      0.8539933      0.1797975      0.0500000
      0.8559471      0.2026057      0.0500000
      0.8560727      0.2610757      0.0500000
      0.8567117      0.2772623      0.0500000
      0.8574680      0.2586295      0.0500000
      0.8602358      0.2386939      0.0500000
      0.8603221      0.2390139      0.0500000
      0.8607581      0.2076063      0.0500000
      0.8638716      0.1529526      0.0500000
      0.8640685      0.2096269      0.0500000
      0.8656294      0.3002513      0.0500000
      0.8680388      0.1577691      0.0500000
      0.8687599      0.2544302      0.0500000
      0.8689936      0.2708193      0.0500000
      0.8696406      0.2830618      0.0500000
      0.8717297      0.2217947      0.0500000
      0.8719019      0.3043542      0.0500000
      0.8719258      0.2546317      0.0500000
      0.8720292      0.1637060      0.0500000
      0.8730465      0.3214721      0.0500000
      0.8739225      0.2288998      0.0500000
      0.8753994      0.3771643      0.0500000
      0.8759374      0.2590623      0.0500000
      0.8765629      0.3182432      0.0500000
      0.8768111      0.2581889      0.0500000
      0.8782855      0.3455180      0.0500000
      0.8784481      0.2027525      0.0500000
      0.8788284      0.3181530      0.0500000
      0.8797089      0.2805865      0.0500000
      0.8797464      0.2832610      0.0500000
      0.8810744      0.3419352      0.0500000
      0.8816510      0.1281269      0.0500000
      0.8818237      0.2196840      0.0500000
      0.8823120      0.2491651      0.0500000
      0.8838122      0.3345823      0.0500000
      0.8841313      0.2225613      0.0500000
      0.8846877      0.2567774      0.0500000
      0.8847126      0.2959873      0.0500000
      0.8850664      0.2723122      0.0500000
      0.8855780      0.1836093      0.0500000
      0.8863356      0.2048846      0.0500000
      0.8871621      0.2339569      0.0500000
      0.8872579      0.2949938      0.0500000
      0.8880377      0.2184182      0.0500000
      0.8881352      0.2812636      0.0500000
      0.8886908      0.2045814      0.0500000
      0.8893886      0.3273104      0.0500000
      0.8900647      0.2784135      0.0500000
      0.8906753      0.2422927      0.0500000
      0.8927231      0.2560841      0.0500000
      0.8929811      0.2573935      0.0500000
      0.8930932      0.2037479      0.0500000
      0.8948102      0.2861325      0.0500000
      0.8957487      0.1788149      0.0500000
      0.8959730      0.2724156      0.0500000
      0.8961790      0.2427584      0.0500000
      0.8983748      0.2690346      0.0500000
      0.8988274      0.3172216      0.0500000
      0.9009543      0.1796879      0.0500000
      0.9012655      0.1438033      0.0500000
      0.9021558      0.2784181      0.0500000
      0.9033797      0.1900481      0.0500000
      0.9039472      0.2781475      0.0500000
      0.9052243      0.3055072      0.0500000
      0.9065014      0.2499068      0.0500000
      0.9065677      0.2196673      0.0500000
      0.9074236      0.2133883      0.0500000
      0.9080529      0.2598762      0.0500000
      0.9096284      0.1750778      0.0500000
      0.9099379      0.2650704      0.0500000
      0.9120163      0.2320148      0.0500000
      0.9126918      0.3457584      0.0500000
      0.9171058      0.1717875      0.0500000
      0.9179370      0.2653963      0.0500000
      0.9197608      0.2308169      0.0500000
      0.9212965      0.1799340      0.0500000
      0.9215982      0.2385632      0.0500000
      0.9220483      0.1547329      0.0500000
      0.9224290      0.1254930      0.0500000
      0.9230869      0.2983391      0.0500000
      0.9262127      0.1658950      0.0500000
      0.9274970      0.2235051      0.0500000
      0.9278290      0.1903923      0.0500000
      0.9289488      0.2570165      0.0500000
      0.9296641      0.2357442      0.0500000
      0.9309024      0.1673376      0.0500000
      0.9310397      0.2085332      0.0500000
      0.9333426      0.2241239      0.0500000
      0.9338119      0.2401888      0.0500000
      0.9347851      0.2336762      0.0500000
      0.9358422      0.2688241      0.0500000
      0.9406301      0.1985975      0.0500000
      0.9408727      0.2282191      0.0500000
      0.9425701      0.1824415      0.0500000
      0.9428941      0.1200452      0.0500000
      0.9429244      0.2228626      0.0500000
      0.9433617      0.1644408      0.0500000
      0.9445549      0.2683525      0.0500000
      0.9458338      0.1846247      0.0500000
      0.9480484      0.1221188      0.0500000
      0.9504227      0.2958098      0.0500000
      0.9519288      0.2482454      0.0500000
      0.9524450      0.2168093      0.0500000
      0.9536263      0.3304195      0.0500000
      0.9545296      0.2313556      0.0500000
      0.9555300      0.1854967      0.0500000
      0.9563948      0.2898163      0.0500000
      0.9571675      0.3334864      0.0500000
      0.9578345      0.2197705      0.0500000
      0.9579027      0.1762977      0.0500000
      0.9593921      0.1636046      0.0500000
      0.9603897      0.1860028      0.0500000
      0.9617332      0.2162151      0.0500000
      0.9657558      0.2240161      0.0500000
      0.9657794      0.2196016      0.0500000
      0.9669044      0.2475178      0.0500000
      0.9698940      0.2356432      0.0500000
      0.9709975      0.2307021      0.0500000
      0.9715314      0.1522481      0.0500000
      0.9741267      0.2217179      0.0500000
      0.9746798      0.1861119      0.0500000
      0.9792029      0.2231537      0.0500000
      0.9807978      0.1275082      0.0500000
      0.9811437      0.2983473      0.0500000
      0.9823353      0.1952323      0.0500000
      0.9824510      0.2163857      0.0500000
      0.9825259      0.1870310      0.0500000
      0.9830196      0.1648483      0.0500000
      0.9835811      0.2303762      0.0500000
      0.9840230      0.2311005      0.0500000
      0.9847089      0.1723895      0.0500000
      0.9866460      0.3285723      0.0500000
      0.9882472      0.2728125      0.0500000
      0.9900568      0.0588395      0.0500000
      0.9904905      0.2238754      0.0500000
      0.9927153      0.2297665      0.0500000
      0.9927822      0.2703326      0.0500000
      0.9928312      0.1684338      0.0500000
      0.9963783      0.2562021      0.0500000
      0.9978340      0.1214380      0.0500000
